#---------------------------------------------------------------------
# Microscopic cross section (cm**-2), ne = 3000
# Aligned by Perl and manually interpolated
#---------------------------------------------------------------------
0.0000000000E+00
0.0000000000E+00
0.0000000000E+00
0.0000000000E+00
0.0000000000E+00
0.0000000000E+00
0.0000000000E+00
0.0000000000E+00
0.0000000000E+00
0.0000000000E+00
0.0000000000E+00
0.0000000000E+00
0.0000000000E+00
0.0000000000E+00
0.0000000000E+00
2.5900600000E-28
5.1801200000E-28
7.7701800000E-28
1.0360240000E-27
1.2950300000E-27
1.7473766667E-27
2.1997233333E-27
2.6520700000E-27
3.1044166667E-27
3.5567633333E-27
4.0091100000E-27
4.3964683333E-27
4.7838266667E-27
5.1711850000E-27
5.5585433333E-27
5.9459016667E-27
6.3332600000E-27
7.2186275000E-27
8.1039950000E-27
8.9893625000E-27
9.8747300000E-27
1.0760097500E-26
1.1645465000E-26
1.2530832500E-26
1.3416200000E-26
1.4190500000E-26
1.4964800000E-26
1.6994266667E-26
1.9023733333E-26
2.1053200000E-26
2.2754100000E-26
2.6132500000E-26
2.9510900000E-26
3.2805400000E-26
3.2427550000E-26
3.2049700000E-26
3.2283246809E-26
3.2516793617E-26
3.2750340426E-26
3.2983887234E-26
3.3217434043E-26
3.3450980851E-26
3.3684527660E-26
3.3918074468E-26
3.4151621277E-26
3.4385168085E-26
3.4618714894E-26
3.4852261702E-26
3.5085808511E-26
3.5319355319E-26
3.5552902128E-26
3.5786448936E-26
3.6019995745E-26
3.6253542553E-26
3.6487089362E-26
3.6720636170E-26
3.6954182979E-26
3.7187729787E-26
3.7421276596E-26
3.7654823404E-26
3.7888370213E-26
3.8121917021E-26
3.8355463830E-26
3.8589010638E-26
3.8822557447E-26
3.9056104255E-26
3.9289651064E-26
3.9523197872E-26
3.9756744681E-26
3.9990291489E-26
4.0223838298E-26
4.0457385106E-26
4.0690931915E-26
4.0924478723E-26
4.1158025532E-26
4.1391572340E-26
4.1625119149E-26
4.1858665957E-26
4.2092212766E-26
4.2325759574E-26
4.2559306383E-26
4.2792853191E-26
4.3026400000E-26
4.3332056250E-26
4.3637712500E-26
4.3943368750E-26
4.4249025000E-26
4.4554681250E-26
4.4860337500E-26
4.5165993750E-26
4.5471650000E-26
4.5777306250E-26
4.6082962500E-26
4.6388618750E-26
4.6694275000E-26
4.6999931250E-26
4.7305587500E-26
4.7611243750E-26
4.7916900000E-26
4.8222556250E-26
4.8528212500E-26
4.8833868750E-26
4.9139525000E-26
4.9445181250E-26
4.9750837500E-26
5.0056493750E-26
5.0362150000E-26
5.0667806250E-26
5.0973462500E-26
5.1279118750E-26
5.1584775000E-26
5.1890431250E-26
5.2196087500E-26
5.2501743750E-26
5.2807400000E-26
5.3113056250E-26
5.3418712500E-26
5.3724368750E-26
5.4030025000E-26
5.4335681250E-26
5.4641337500E-26
5.4946993750E-26
5.5252650000E-26
5.5558306250E-26
5.5863962500E-26
5.6169618750E-26
5.6475275000E-26
5.6780931250E-26
5.7086587500E-26
5.7392243750E-26
5.7697900000E-26
5.8145406122E-26
5.8592912245E-26
5.9040418367E-26
5.9487924490E-26
5.9935430612E-26
6.0382936735E-26
6.0830442857E-26
6.1277948980E-26
6.1725455102E-26
6.2172961224E-26
6.2620467347E-26
6.3067973469E-26
6.3515479592E-26
6.3962985714E-26
6.4410491837E-26
6.4857997959E-26
6.5305504082E-26
6.5753010204E-26
6.6200516327E-26
6.6648022449E-26
6.7095528571E-26
6.7543034694E-26
6.7990540816E-26
6.8438046939E-26
6.8885553061E-26
6.9333059184E-26
6.9780565306E-26
7.0228071429E-26
7.0675577551E-26
7.1123083673E-26
7.1570589796E-26
7.2018095918E-26
7.2465602041E-26
7.2913108163E-26
7.3360614286E-26
7.3808120408E-26
7.4255626531E-26
7.4703132653E-26
7.5150638776E-26
7.5598144898E-26
7.6045651020E-26
7.6493157143E-26
7.6940663265E-26
7.7388169388E-26
7.7835675510E-26
7.8283181633E-26
7.8730687755E-26
7.9178193878E-26
7.9625700000E-26
8.0238102083E-26
8.0850504167E-26
8.1462906250E-26
8.2075308333E-26
8.2687710417E-26
8.3300112500E-26
8.3912514583E-26
8.4524916667E-26
8.5137318750E-26
8.5749720833E-26
8.6362122917E-26
8.6974525000E-26
8.7586927083E-26
8.8199329167E-26
8.8811731250E-26
8.9424133333E-26
9.0036535417E-26
9.0648937500E-26
9.1261339583E-26
9.1873741667E-26
9.2486143750E-26
9.3098545833E-26
9.3710947917E-26
9.4323350000E-26
9.4935752083E-26
9.5548154167E-26
9.6160556250E-26
9.6772958333E-26
9.7385360417E-26
9.7997762500E-26
9.8610164583E-26
9.9222566667E-26
9.9834968750E-26
1.0044737083E-25
1.0105977292E-25
1.0167217500E-25
1.0228457708E-25
1.0289697917E-25
1.0350938125E-25
1.0412178333E-25
1.0473418542E-25
1.0534658750E-25
1.0595898958E-25
1.0657139167E-25
1.0718379375E-25
1.0779619583E-25
1.0840859792E-25
1.0902100000E-25
1.0970254167E-25
1.1038408333E-25
1.1106562500E-25
1.1174716667E-25
1.1242870833E-25
1.1311025000E-25
1.1379179167E-25
1.1447333333E-25
1.1515487500E-25
1.1583641667E-25
1.1651795833E-25
1.1719950000E-25
1.1788104167E-25
1.1856258333E-25
1.1924412500E-25
1.1992566667E-25
1.2060720833E-25
1.2128875000E-25
1.2197029167E-25
1.2265183333E-25
1.2333337500E-25
1.2401491667E-25
1.2469645833E-25
1.2537800000E-25
1.2605954167E-25
1.2674108333E-25
1.2742262500E-25
1.2810416667E-25
1.2878570833E-25
1.2946725000E-25
1.3014879167E-25
1.3083033333E-25
1.3151187500E-25
1.3219341667E-25
1.3287495833E-25
1.3355650000E-25
1.3423804167E-25
1.3491958333E-25
1.3560112500E-25
1.3628266667E-25
1.3696420833E-25
1.3764575000E-25
1.3832729167E-25
1.3900883333E-25
1.3969037500E-25
1.4037191667E-25
1.4105345833E-25
1.4173500000E-25
1.4122830612E-25
1.4072161224E-25
1.4021491837E-25
1.3970822449E-25
1.3920153061E-25
1.3869483673E-25
1.3818814286E-25
1.3768144898E-25
1.3717475510E-25
1.3666806122E-25
1.3616136735E-25
1.3565467347E-25
1.3514797959E-25
1.3464128571E-25
1.3413459184E-25
1.3362789796E-25
1.3312120408E-25
1.3261451020E-25
1.3210781633E-25
1.3160112245E-25
1.3109442857E-25
1.3058773469E-25
1.3008104082E-25
1.2957434694E-25
1.2906765306E-25
1.2856095918E-25
1.2805426531E-25
1.2754757143E-25
1.2704087755E-25
1.2653418367E-25
1.2602748980E-25
1.2552079592E-25
1.2501410204E-25
1.2450740816E-25
1.2400071429E-25
1.2349402041E-25
1.2298732653E-25
1.2248063265E-25
1.2197393878E-25
1.2146724490E-25
1.2096055102E-25
1.2045385714E-25
1.1994716327E-25
1.1944046939E-25
1.1893377551E-25
1.1842708163E-25
1.1792038776E-25
1.1741369388E-25
1.1690700000E-25
1.1581183542E-25
1.1471667083E-25
1.1362150625E-25
1.1252634167E-25
1.1143117708E-25
1.1033601250E-25
1.0924084792E-25
1.0814568333E-25
1.0705051875E-25
1.0595535417E-25
1.0486018958E-25
1.0376502500E-25
1.0266986042E-25
1.0157469583E-25
1.0047953125E-25
9.9384366667E-26
9.8289202083E-26
9.7194037500E-26
9.6098872917E-26
9.5003708333E-26
9.3908543750E-26
9.2813379167E-26
9.1718214583E-26
9.0623050000E-26
8.9527885417E-26
8.8432720833E-26
8.7337556250E-26
8.6242391667E-26
8.5147227083E-26
8.4052062500E-26
8.2956897917E-26
8.1861733333E-26
8.0766568750E-26
7.9671404167E-26
7.8576239583E-26
7.7481075000E-26
7.6385910417E-26
7.5290745833E-26
7.4195581250E-26
7.3100416667E-26
7.2005252083E-26
7.0910087500E-26
6.9814922917E-26
6.8719758333E-26
6.7624593750E-26
6.6529429167E-26
6.5434264583E-26
6.4339100000E-26
6.3730581250E-26
6.3122062500E-26
6.2513543750E-26
6.1905025000E-26
6.1296506250E-26
6.0687987500E-26
6.0079468750E-26
5.9470950000E-26
5.8862431250E-26
5.8253912500E-26
5.7645393750E-26
5.7036875000E-26
5.6428356250E-26
5.5819837500E-26
5.5211318750E-26
5.4602800000E-26
5.3994281250E-26
5.3385762500E-26
5.2777243750E-26
5.2168725000E-26
5.1560206250E-26
5.0951687500E-26
5.0343168750E-26
4.9734650000E-26
4.9126131250E-26
4.8517612500E-26
4.7909093750E-26
4.7300575000E-26
4.6692056250E-26
4.6083537500E-26
4.5475018750E-26
4.4866500000E-26
4.4257981250E-26
4.3649462500E-26
4.3040943750E-26
4.2432425000E-26
4.1823906250E-26
4.1215387500E-26
4.0606868750E-26
3.9998350000E-26
3.9389831250E-26
3.8781312500E-26
3.8172793750E-26
3.7564275000E-26
3.6955756250E-26
3.6347237500E-26
3.5738718750E-26
3.5130200000E-26
3.4812632653E-26
3.4495065306E-26
3.4177497959E-26
3.3859930612E-26
3.3542363265E-26
3.3224795918E-26
3.2907228571E-26
3.2589661224E-26
3.2272093878E-26
3.1954526531E-26
3.1636959184E-26
3.1319391837E-26
3.1001824490E-26
3.0684257143E-26
3.0366689796E-26
3.0049122449E-26
2.9731555102E-26
2.9413987755E-26
2.9096420408E-26
2.8778853061E-26
2.8461285714E-26
2.8143718367E-26
2.7826151020E-26
2.7508583673E-26
2.7191016327E-26
2.6873448980E-26
2.6555881633E-26
2.6238314286E-26
2.5920746939E-26
2.5603179592E-26
2.5285612245E-26
2.4968044898E-26
2.4650477551E-26
2.4332910204E-26
2.4015342857E-26
2.3697775510E-26
2.3380208163E-26
2.3062640816E-26
2.2745073469E-26
2.2427506122E-26
2.2109938776E-26
2.1792371429E-26
2.1474804082E-26
2.1157236735E-26
2.0839669388E-26
2.0522102041E-26
2.0204534694E-26
1.9886967347E-26
1.9569400000E-26
1.9418604167E-26
1.9267808333E-26
1.9117012500E-26
1.8966216667E-26
1.8815420833E-26
1.8664625000E-26
1.8513829167E-26
1.8363033333E-26
1.8212237500E-26
1.8061441667E-26
1.7910645833E-26
1.7759850000E-26
1.7609054167E-26
1.7458258333E-26
1.7307462500E-26
1.7156666667E-26
1.7005870833E-26
1.6855075000E-26
1.6704279167E-26
1.6553483333E-26
1.6402687500E-26
1.6251891667E-26
1.6101095833E-26
1.5950300000E-26
1.5799504167E-26
1.5648708333E-26
1.5497912500E-26
1.5347116667E-26
1.5196320833E-26
1.5045525000E-26
1.4894729167E-26
1.4743933333E-26
1.4593137500E-26
1.4442341667E-26
1.4291545833E-26
1.4140750000E-26
1.3989954167E-26
1.3839158333E-26
1.3688362500E-26
1.3537566667E-26
1.3386770833E-26
1.3235975000E-26
1.3085179167E-26
1.2934383333E-26
1.2783587500E-26
1.2632791667E-26
1.2481995833E-26
1.2331200000E-26
1.2255304694E-26
1.2179409388E-26
1.2103514082E-26
1.2027618776E-26
1.1951723469E-26
1.1875828163E-26
1.1799932857E-26
1.1724037551E-26
1.1648142245E-26
1.1572246939E-26
1.1496351633E-26
1.1420456327E-26
1.1344561020E-26
1.1268665714E-26
1.1192770408E-26
1.1116875102E-26
1.1040979796E-26
1.0965084490E-26
1.0889189184E-26
1.0813293878E-26
1.0737398571E-26
1.0661503265E-26
1.0585607959E-26
1.0509712653E-26
1.0433817347E-26
1.0357922041E-26
1.0282026735E-26
1.0206131429E-26
1.0130236122E-26
1.0054340816E-26
9.9784455102E-27
9.9025502041E-27
9.8266548980E-27
9.7507595918E-27
9.6748642857E-27
9.5989689796E-27
9.5230736735E-27
9.4471783673E-27
9.3712830612E-27
9.2953877551E-27
9.2194924490E-27
9.1435971429E-27
9.0677018367E-27
8.9918065306E-27
8.9159112245E-27
8.8400159184E-27
8.7641206122E-27
8.6882253061E-27
8.6123300000E-27
8.5729577083E-27
8.5335854167E-27
8.4942131250E-27
8.4548408333E-27
8.4154685417E-27
8.3760962500E-27
8.3367239583E-27
8.2973516667E-27
8.2579793750E-27
8.2186070833E-27
8.1792347917E-27
8.1398625000E-27
8.1004902083E-27
8.0611179167E-27
8.0217456250E-27
7.9823733333E-27
7.9430010417E-27
7.9036287500E-27
7.8642564583E-27
7.8248841667E-27
7.7855118750E-27
7.7461395833E-27
7.7067672917E-27
7.6673950000E-27
7.6280227083E-27
7.5886504167E-27
7.5492781250E-27
7.5099058333E-27
7.4705335417E-27
7.4311612500E-27
7.3917889583E-27
7.3524166667E-27
7.3130443750E-27
7.2736720833E-27
7.2342997917E-27
7.1949275000E-27
7.1555552083E-27
7.1161829167E-27
7.0768106250E-27
7.0374383333E-27
6.9980660417E-27
6.9586937500E-27
6.9193214583E-27
6.8799491667E-27
6.8405768750E-27
6.8012045833E-27
6.7618322917E-27
6.7224600000E-27
6.6830877083E-27
6.6437154167E-27
6.6043431250E-27
6.5649708333E-27
6.5255985417E-27
6.4862262500E-27
6.4468539583E-27
6.4074816667E-27
6.3681093750E-27
6.3287370833E-27
6.2893647917E-27
6.2499925000E-27
6.2106202083E-27
6.1712479167E-27
6.1318756250E-27
6.0925033333E-27
6.0531310417E-27
6.0137587500E-27
5.9743864583E-27
5.9350141667E-27
5.8956418750E-27
5.8562695833E-27
5.8168972917E-27
5.7775250000E-27
5.7381527083E-27
5.6987804167E-27
5.6594081250E-27
5.6200358333E-27
5.5806635417E-27
5.5412912500E-27
5.5019189583E-27
5.4625466667E-27
5.4231743750E-27
5.3838020833E-27
5.3444297917E-27
5.3050575000E-27
5.2656852083E-27
5.2263129167E-27
5.1869406250E-27
5.1475683333E-27
5.1081960417E-27
5.0688237500E-27
5.0294514583E-27
4.9900791667E-27
4.9507068750E-27
4.9113345833E-27
4.8719622917E-27
4.8325900000E-27
4.8136609278E-27
4.7947318557E-27
4.7758027835E-27
4.7568737113E-27
4.7379446392E-27
4.7190155670E-27
4.7000864948E-27
4.6811574227E-27
4.6622283505E-27
4.6432992784E-27
4.6243702062E-27
4.6054411340E-27
4.5865120619E-27
4.5675829897E-27
4.5486539175E-27
4.5297248454E-27
4.5107957732E-27
4.4918667010E-27
4.4729376289E-27
4.4540085567E-27
4.4350794845E-27
4.4161504124E-27
4.3972213402E-27
4.3782922680E-27
4.3593631959E-27
4.3404341237E-27
4.3215050515E-27
4.3025759794E-27
4.2836469072E-27
4.2647178351E-27
4.2457887629E-27
4.2268596907E-27
4.2079306186E-27
4.1890015464E-27
4.1700724742E-27
4.1511434021E-27
4.1322143299E-27
4.1132852577E-27
4.0943561856E-27
4.0754271134E-27
4.0564980412E-27
4.0375689691E-27
4.0186398969E-27
3.9997108247E-27
3.9807817526E-27
3.9618526804E-27
3.9429236082E-27
3.9239945361E-27
3.9050654639E-27
3.8861363918E-27
3.8672073196E-27
3.8482782474E-27
3.8293491753E-27
3.8104201031E-27
3.7914910309E-27
3.7725619588E-27
3.7536328866E-27
3.7347038144E-27
3.7157747423E-27
3.6968456701E-27
3.6779165979E-27
3.6589875258E-27
3.6400584536E-27
3.6211293814E-27
3.6022003093E-27
3.5832712371E-27
3.5643421649E-27
3.5454130928E-27
3.5264840206E-27
3.5075549485E-27
3.4886258763E-27
3.4696968041E-27
3.4507677320E-27
3.4318386598E-27
3.4129095876E-27
3.3939805155E-27
3.3750514433E-27
3.3561223711E-27
3.3371932990E-27
3.3182642268E-27
3.2993351546E-27
3.2804060825E-27
3.2614770103E-27
3.2425479381E-27
3.2236188660E-27
3.2046897938E-27
3.1857607216E-27
3.1668316495E-27
3.1479025773E-27
3.1289735052E-27
3.1100444330E-27
3.0911153608E-27
3.0721862887E-27
3.0532572165E-27
3.0343281443E-27
3.0153990722E-27
2.9964700000E-27
2.9864953608E-27
2.9765207216E-27
2.9665460825E-27
2.9565714433E-27
2.9465968041E-27
2.9366221649E-27
2.9266475258E-27
2.9166728866E-27
2.9066982474E-27
2.8967236082E-27
2.8867489691E-27
2.8767743299E-27
2.8667996907E-27
2.8568250515E-27
2.8468504124E-27
2.8368757732E-27
2.8269011340E-27
2.8169264948E-27
2.8069518557E-27
2.7969772165E-27
2.7870025773E-27
2.7770279381E-27
2.7670532990E-27
2.7570786598E-27
2.7471040206E-27
2.7371293814E-27
2.7271547423E-27
2.7171801031E-27
2.7072054639E-27
2.6972308247E-27
2.6872561856E-27
2.6772815464E-27
2.6673069072E-27
2.6573322680E-27
2.6473576289E-27
2.6373829897E-27
2.6274083505E-27
2.6174337113E-27
2.6074590722E-27
2.5974844330E-27
2.5875097938E-27
2.5775351546E-27
2.5675605155E-27
2.5575858763E-27
2.5476112371E-27
2.5376365979E-27
2.5276619588E-27
2.5176873196E-27
2.5077126804E-27
2.4977380412E-27
2.4877634021E-27
2.4777887629E-27
2.4678141237E-27
2.4578394845E-27
2.4478648454E-27
2.4378902062E-27
2.4279155670E-27
2.4179409278E-27
2.4079662887E-27
2.3979916495E-27
2.3880170103E-27
2.3780423711E-27
2.3680677320E-27
2.3580930928E-27
2.3481184536E-27
2.3381438144E-27
2.3281691753E-27
2.3181945361E-27
2.3082198969E-27
2.2982452577E-27
2.2882706186E-27
2.2782959794E-27
2.2683213402E-27
2.2583467010E-27
2.2483720619E-27
2.2383974227E-27
2.2284227835E-27
2.2184481443E-27
2.2084735052E-27
2.1984988660E-27
2.1885242268E-27
2.1785495876E-27
2.1685749485E-27
2.1586003093E-27
2.1486256701E-27
2.1386510309E-27
2.1286763918E-27
2.1187017526E-27
2.1087271134E-27
2.0987524742E-27
2.0887778351E-27
2.0788031959E-27
2.0688285567E-27
2.0588539175E-27
2.0488792784E-27
2.0389046392E-27
2.0289300000E-27
2.0230521649E-27
2.0171743299E-27
2.0112964948E-27
2.0054186598E-27
1.9995408247E-27
1.9936629897E-27
1.9877851546E-27
1.9819073196E-27
1.9760294845E-27
1.9701516495E-27
1.9642738144E-27
1.9583959794E-27
1.9525181443E-27
1.9466403093E-27
1.9407624742E-27
1.9348846392E-27
1.9290068041E-27
1.9231289691E-27
1.9172511340E-27
1.9113732990E-27
1.9054954639E-27
1.8996176289E-27
1.8937397938E-27
1.8878619588E-27
1.8819841237E-27
1.8761062887E-27
1.8702284536E-27
1.8643506186E-27
1.8584727835E-27
1.8525949485E-27
1.8467171134E-27
1.8408392784E-27
1.8349614433E-27
1.8290836082E-27
1.8232057732E-27
1.8173279381E-27
1.8114501031E-27
1.8055722680E-27
1.7996944330E-27
1.7938165979E-27
1.7879387629E-27
1.7820609278E-27
1.7761830928E-27
1.7703052577E-27
1.7644274227E-27
1.7585495876E-27
1.7526717526E-27
1.7467939175E-27
1.7409160825E-27
1.7350382474E-27
1.7291604124E-27
1.7232825773E-27
1.7174047423E-27
1.7115269072E-27
1.7056490722E-27
1.6997712371E-27
1.6938934021E-27
1.6880155670E-27
1.6821377320E-27
1.6762598969E-27
1.6703820619E-27
1.6645042268E-27
1.6586263918E-27
1.6527485567E-27
1.6468707216E-27
1.6409928866E-27
1.6351150515E-27
1.6292372165E-27
1.6233593814E-27
1.6174815464E-27
1.6116037113E-27
1.6057258763E-27
1.5998480412E-27
1.5939702062E-27
1.5880923711E-27
1.5822145361E-27
1.5763367010E-27
1.5704588660E-27
1.5645810309E-27
1.5587031959E-27
1.5528253608E-27
1.5469475258E-27
1.5410696907E-27
1.5351918557E-27
1.5293140206E-27
1.5234361856E-27
1.5175583505E-27
1.5116805155E-27
1.5058026804E-27
1.4999248454E-27
1.4940470103E-27
1.4881691753E-27
1.4822913402E-27
1.4764135052E-27
1.4705356701E-27
1.4646578351E-27
1.4587800000E-27
1.4550471134E-27
1.4513142268E-27
1.4475813402E-27
1.4438484536E-27
1.4401155670E-27
1.4363826804E-27
1.4326497938E-27
1.4289169072E-27
1.4251840206E-27
1.4214511340E-27
1.4177182474E-27
1.4139853608E-27
1.4102524742E-27
1.4065195876E-27
1.4027867010E-27
1.3990538144E-27
1.3953209278E-27
1.3915880412E-27
1.3878551546E-27
1.3841222680E-27
1.3803893814E-27
1.3766564948E-27
1.3729236082E-27
1.3691907216E-27
1.3654578351E-27
1.3617249485E-27
1.3579920619E-27
1.3542591753E-27
1.3505262887E-27
1.3467934021E-27
1.3430605155E-27
1.3393276289E-27
1.3355947423E-27
1.3318618557E-27
1.3281289691E-27
1.3243960825E-27
1.3206631959E-27
1.3169303093E-27
1.3131974227E-27
1.3094645361E-27
1.3057316495E-27
1.3019987629E-27
1.2982658763E-27
1.2945329897E-27
1.2908001031E-27
1.2870672165E-27
1.2833343299E-27
1.2796014433E-27
1.2758685567E-27
1.2721356701E-27
1.2684027835E-27
1.2646698969E-27
1.2609370103E-27
1.2572041237E-27
1.2534712371E-27
1.2497383505E-27
1.2460054639E-27
1.2422725773E-27
1.2385396907E-27
1.2348068041E-27
1.2310739175E-27
1.2273410309E-27
1.2236081443E-27
1.2198752577E-27
1.2161423711E-27
1.2124094845E-27
1.2086765979E-27
1.2049437113E-27
1.2012108247E-27
1.1974779381E-27
1.1937450515E-27
1.1900121649E-27
1.1862792784E-27
1.1825463918E-27
1.1788135052E-27
1.1750806186E-27
1.1713477320E-27
1.1676148454E-27
1.1638819588E-27
1.1601490722E-27
1.1564161856E-27
1.1526832990E-27
1.1489504124E-27
1.1452175258E-27
1.1414846392E-27
1.1377517526E-27
1.1340188660E-27
1.1302859794E-27
1.1265530928E-27
1.1228202062E-27
1.1190873196E-27
1.1153544330E-27
1.1116215464E-27
1.1078886598E-27
1.1041557732E-27
1.1004228866E-27
1.0966900000E-27
1.0946824855E-27
1.0926749710E-27
1.0906674564E-27
1.0886599419E-27
1.0866524274E-27
1.0846449129E-27
1.0826373983E-27
1.0806298838E-27
1.0786223693E-27
1.0766148548E-27
1.0746073402E-27
1.0725998257E-27
1.0705923112E-27
1.0685847967E-27
1.0665772822E-27
1.0645697676E-27
1.0625622531E-27
1.0605547386E-27
1.0585472241E-27
1.0565397095E-27
1.0545321950E-27
1.0525246805E-27
1.0505171660E-27
1.0485096515E-27
1.0465021369E-27
1.0444946224E-27
1.0424871079E-27
1.0404795934E-27
1.0384720788E-27
1.0364645643E-27
1.0344570498E-27
1.0324495353E-27
1.0304420207E-27
1.0284345062E-27
1.0264269917E-27
1.0244194772E-27
1.0224119627E-27
1.0204044481E-27
1.0183969336E-27
1.0163894191E-27
1.0143819046E-27
1.0123743900E-27
1.0103668755E-27
1.0083593610E-27
1.0063518465E-27
1.0043443320E-27
1.0023368174E-27
1.0003293029E-27
9.9832178838E-28
9.9631427386E-28
9.9430675934E-28
9.9229924481E-28
9.9029173029E-28
9.8828421577E-28
9.8627670124E-28
9.8426918672E-28
9.8226167220E-28
9.8025415768E-28
9.7824664315E-28
9.7623912863E-28
9.7423161411E-28
9.7222409959E-28
9.7021658506E-28
9.6820907054E-28
9.6620155602E-28
9.6419404149E-28
9.6218652697E-28
9.6017901245E-28
9.5817149793E-28
9.5616398340E-28
9.5415646888E-28
9.5214895436E-28
9.5014143983E-28
9.4813392531E-28
9.4612641079E-28
9.4411889627E-28
9.4211138174E-28
9.4010386722E-28
9.3809635270E-28
9.3608883817E-28
9.3408132365E-28
9.3207380913E-28
9.3006629461E-28
9.2805878008E-28
9.2605126556E-28
9.2404375104E-28
9.2203623651E-28
9.2002872199E-28
9.1802120747E-28
9.1601369295E-28
9.1400617842E-28
9.1199866390E-28
9.0999114938E-28
9.0798363485E-28
9.0597612033E-28
9.0396860581E-28
9.0196109129E-28
8.9995357676E-28
8.9794606224E-28
8.9593854772E-28
8.9393103320E-28
8.9192351867E-28
8.8991600415E-28
8.8790848963E-28
8.8590097510E-28
8.8389346058E-28
8.8188594606E-28
8.7987843154E-28
8.7787091701E-28
8.7586340249E-28
8.7385588797E-28
8.7184837344E-28
8.6984085892E-28
8.6783334440E-28
8.6582582988E-28
8.6381831535E-28
8.6181080083E-28
8.5980328631E-28
8.5779577178E-28
8.5578825726E-28
8.5378074274E-28
8.5177322822E-28
8.4976571369E-28
8.4775819917E-28
8.4575068465E-28
8.4374317012E-28
8.4173565560E-28
8.3972814108E-28
8.3772062656E-28
8.3571311203E-28
8.3370559751E-28
8.3169808299E-28
8.2969056846E-28
8.2768305394E-28
8.2567553942E-28
8.2366802490E-28
8.2166051037E-28
8.1965299585E-28
8.1764548133E-28
8.1563796680E-28
8.1363045228E-28
8.1162293776E-28
8.0961542324E-28
8.0760790871E-28
8.0560039419E-28
8.0359287967E-28
8.0158536515E-28
7.9957785062E-28
7.9757033610E-28
7.9556282158E-28
7.9355530705E-28
7.9154779253E-28
7.8954027801E-28
7.8753276349E-28
7.8552524896E-28
7.8351773444E-28
7.8151021992E-28
7.7950270539E-28
7.7749519087E-28
7.7548767635E-28
7.7348016183E-28
7.7147264730E-28
7.6946513278E-28
7.6745761826E-28
7.6545010373E-28
7.6344258921E-28
7.6143507469E-28
7.5942756017E-28
7.5742004564E-28
7.5541253112E-28
7.5340501660E-28
7.5139750207E-28
7.4938998755E-28
7.4738247303E-28
7.4537495851E-28
7.4336744398E-28
7.4135992946E-28
7.3935241494E-28
7.3734490041E-28
7.3533738589E-28
7.3332987137E-28
7.3132235685E-28
7.2931484232E-28
7.2730732780E-28
7.2529981328E-28
7.2329229876E-28
7.2128478423E-28
7.1927726971E-28
7.1726975519E-28
7.1526224066E-28
7.1325472614E-28
7.1124721162E-28
7.0923969710E-28
7.0723218257E-28
7.0522466805E-28
7.0321715353E-28
7.0120963900E-28
6.9920212448E-28
6.9719460996E-28
6.9518709544E-28
6.9317958091E-28
6.9117206639E-28
6.8916455187E-28
6.8715703734E-28
6.8514952282E-28
6.8314200830E-28
6.8113449378E-28
6.7912697925E-28
6.7711946473E-28
6.7511195021E-28
6.7310443568E-28
6.7109692116E-28
6.6908940664E-28
6.6708189212E-28
6.6507437759E-28
6.6306686307E-28
6.6105934855E-28
6.5905183402E-28
6.5704431950E-28
6.5503680498E-28
6.5302929046E-28
6.5102177593E-28
6.4901426141E-28
6.4700674689E-28
6.4499923237E-28
6.4299171784E-28
6.4098420332E-28
6.3897668880E-28
6.3696917427E-28
6.3496165975E-28
6.3295414523E-28
6.3094663071E-28
6.2893911618E-28
6.2693160166E-28
6.2492408714E-28
6.2291657261E-28
6.2090905809E-28
6.1890154357E-28
6.1689402905E-28
6.1488651452E-28
6.1287900000E-28
6.1196522314E-28
6.1105144628E-28
6.1013766942E-28
6.0922389256E-28
6.0831011570E-28
6.0739633884E-28
6.0648256198E-28
6.0556878512E-28
6.0465500826E-28
6.0374123140E-28
6.0282745455E-28
6.0191367769E-28
6.0099990083E-28
6.0008612397E-28
5.9917234711E-28
5.9825857025E-28
5.9734479339E-28
5.9643101653E-28
5.9551723967E-28
5.9460346281E-28
5.9368968595E-28
5.9277590909E-28
5.9186213223E-28
5.9094835537E-28
5.9003457851E-28
5.8912080165E-28
5.8820702479E-28
5.8729324793E-28
5.8637947107E-28
5.8546569421E-28
5.8455191736E-28
5.8363814050E-28
5.8272436364E-28
5.8181058678E-28
5.8089680992E-28
5.7998303306E-28
5.7906925620E-28
5.7815547934E-28
5.7724170248E-28
5.7632792562E-28
5.7541414876E-28
5.7450037190E-28
5.7358659504E-28
5.7267281818E-28
5.7175904132E-28
5.7084526446E-28
5.6993148760E-28
5.6901771074E-28
5.6810393388E-28
5.6719015702E-28
5.6627638017E-28
5.6536260331E-28
5.6444882645E-28
5.6353504959E-28
5.6262127273E-28
5.6170749587E-28
5.6079371901E-28
5.5987994215E-28
5.5896616529E-28
5.5805238843E-28
5.5713861157E-28
5.5622483471E-28
5.5531105785E-28
5.5439728099E-28
5.5348350413E-28
5.5256972727E-28
5.5165595041E-28
5.5074217355E-28
5.4982839669E-28
5.4891461983E-28
5.4800084298E-28
5.4708706612E-28
5.4617328926E-28
5.4525951240E-28
5.4434573554E-28
5.4343195868E-28
5.4251818182E-28
5.4160440496E-28
5.4069062810E-28
5.3977685124E-28
5.3886307438E-28
5.3794929752E-28
5.3703552066E-28
5.3612174380E-28
5.3520796694E-28
5.3429419008E-28
5.3338041322E-28
5.3246663636E-28
5.3155285950E-28
5.3063908264E-28
5.2972530579E-28
5.2881152893E-28
5.2789775207E-28
5.2698397521E-28
5.2607019835E-28
5.2515642149E-28
5.2424264463E-28
5.2332886777E-28
5.2241509091E-28
5.2150131405E-28
5.2058753719E-28
5.1967376033E-28
5.1875998347E-28
5.1784620661E-28
5.1693242975E-28
5.1601865289E-28
5.1510487603E-28
5.1419109917E-28
5.1327732231E-28
5.1236354545E-28
5.1144976860E-28
5.1053599174E-28
5.0962221488E-28
5.0870843802E-28
5.0779466116E-28
5.0688088430E-28
5.0596710744E-28
5.0505333058E-28
5.0413955372E-28
5.0322577686E-28
5.0231200000E-28
5.0139822314E-28
5.0048444628E-28
4.9957066942E-28
4.9865689256E-28
4.9774311570E-28
4.9682933884E-28
4.9591556198E-28
4.9500178512E-28
4.9408800826E-28
4.9317423140E-28
4.9226045455E-28
4.9134667769E-28
4.9043290083E-28
4.8951912397E-28
4.8860534711E-28
4.8769157025E-28
4.8677779339E-28
4.8586401653E-28
4.8495023967E-28
4.8403646281E-28
4.8312268595E-28
4.8220890909E-28
4.8129513223E-28
4.8038135537E-28
4.7946757851E-28
4.7855380165E-28
4.7764002479E-28
4.7672624793E-28
4.7581247107E-28
4.7489869421E-28
4.7398491736E-28
4.7307114050E-28
4.7215736364E-28
4.7124358678E-28
4.7032980992E-28
4.6941603306E-28
4.6850225620E-28
4.6758847934E-28
4.6667470248E-28
4.6576092562E-28
4.6484714876E-28
4.6393337190E-28
4.6301959504E-28
4.6210581818E-28
4.6119204132E-28
4.6027826446E-28
4.5936448760E-28
4.5845071074E-28
4.5753693388E-28
4.5662315702E-28
4.5570938017E-28
4.5479560331E-28
4.5388182645E-28
4.5296804959E-28
4.5205427273E-28
4.5114049587E-28
4.5022671901E-28
4.4931294215E-28
4.4839916529E-28
4.4748538843E-28
4.4657161157E-28
4.4565783471E-28
4.4474405785E-28
4.4383028099E-28
4.4291650413E-28
4.4200272727E-28
4.4108895041E-28
4.4017517355E-28
4.3926139669E-28
4.3834761983E-28
4.3743384298E-28
4.3652006612E-28
4.3560628926E-28
4.3469251240E-28
4.3377873554E-28
4.3286495868E-28
4.3195118182E-28
4.3103740496E-28
4.3012362810E-28
4.2920985124E-28
4.2829607438E-28
4.2738229752E-28
4.2646852066E-28
4.2555474380E-28
4.2464096694E-28
4.2372719008E-28
4.2281341322E-28
4.2189963636E-28
4.2098585950E-28
4.2007208264E-28
4.1915830579E-28
4.1824452893E-28
4.1733075207E-28
4.1641697521E-28
4.1550319835E-28
4.1458942149E-28
4.1367564463E-28
4.1276186777E-28
4.1184809091E-28
4.1093431405E-28
4.1002053719E-28
4.0910676033E-28
4.0819298347E-28
4.0727920661E-28
4.0636542975E-28
4.0545165289E-28
4.0453787603E-28
4.0362409917E-28
4.0271032231E-28
4.0179654545E-28
4.0088276860E-28
3.9996899174E-28
3.9905521488E-28
3.9814143802E-28
3.9722766116E-28
3.9631388430E-28
3.9540010744E-28
3.9448633058E-28
3.9357255372E-28
3.9265877686E-28
3.9174500000E-28
3.9126546694E-28
3.9078593388E-28
3.9030640083E-28
3.8982686777E-28
3.8934733471E-28
3.8886780165E-28
3.8838826860E-28
3.8790873554E-28
3.8742920248E-28
3.8694966942E-28
3.8647013636E-28
3.8599060331E-28
3.8551107025E-28
3.8503153719E-28
3.8455200413E-28
3.8407247107E-28
3.8359293802E-28
3.8311340496E-28
3.8263387190E-28
3.8215433884E-28
3.8167480579E-28
3.8119527273E-28
3.8071573967E-28
3.8023620661E-28
3.7975667355E-28
3.7927714050E-28
3.7879760744E-28
3.7831807438E-28
3.7783854132E-28
3.7735900826E-28
3.7687947521E-28
3.7639994215E-28
3.7592040909E-28
3.7544087603E-28
3.7496134298E-28
3.7448180992E-28
3.7400227686E-28
3.7352274380E-28
3.7304321074E-28
3.7256367769E-28
3.7208414463E-28
3.7160461157E-28
3.7112507851E-28
3.7064554545E-28
3.7016601240E-28
3.6968647934E-28
3.6920694628E-28
3.6872741322E-28
3.6824788017E-28
3.6776834711E-28
3.6728881405E-28
3.6680928099E-28
3.6632974793E-28
3.6585021488E-28
3.6537068182E-28
3.6489114876E-28
3.6441161570E-28
3.6393208264E-28
3.6345254959E-28
3.6297301653E-28
3.6249348347E-28
3.6201395041E-28
3.6153441736E-28
3.6105488430E-28
3.6057535124E-28
3.6009581818E-28
3.5961628512E-28
3.5913675207E-28
3.5865721901E-28
3.5817768595E-28
3.5769815289E-28
3.5721861983E-28
3.5673908678E-28
3.5625955372E-28
3.5578002066E-28
3.5530048760E-28
3.5482095455E-28
3.5434142149E-28
3.5386188843E-28
3.5338235537E-28
3.5290282231E-28
3.5242328926E-28
3.5194375620E-28
3.5146422314E-28
3.5098469008E-28
3.5050515702E-28
3.5002562397E-28
3.4954609091E-28
3.4906655785E-28
3.4858702479E-28
3.4810749174E-28
3.4762795868E-28
3.4714842562E-28
3.4666889256E-28
3.4618935950E-28
3.4570982645E-28
3.4523029339E-28
3.4475076033E-28
3.4427122727E-28
3.4379169421E-28
3.4331216116E-28
3.4283262810E-28
3.4235309504E-28
3.4187356198E-28
3.4139402893E-28
3.4091449587E-28
3.4043496281E-28
3.3995542975E-28
3.3947589669E-28
3.3899636364E-28
3.3851683058E-28
3.3803729752E-28
3.3755776446E-28
3.3707823140E-28
3.3659869835E-28
3.3611916529E-28
3.3563963223E-28
3.3516009917E-28
3.3468056612E-28
3.3420103306E-28
3.3372150000E-28
3.3324196694E-28
3.3276243388E-28
3.3228290083E-28
3.3180336777E-28
3.3132383471E-28
3.3084430165E-28
3.3036476860E-28
3.2988523554E-28
3.2940570248E-28
3.2892616942E-28
3.2844663636E-28
3.2796710331E-28
3.2748757025E-28
3.2700803719E-28
3.2652850413E-28
3.2604897107E-28
3.2556943802E-28
3.2508990496E-28
3.2461037190E-28
3.2413083884E-28
3.2365130579E-28
3.2317177273E-28
3.2269223967E-28
3.2221270661E-28
3.2173317355E-28
3.2125364050E-28
3.2077410744E-28
3.2029457438E-28
3.1981504132E-28
3.1933550826E-28
3.1885597521E-28
3.1837644215E-28
3.1789690909E-28
3.1741737603E-28
3.1693784298E-28
3.1645830992E-28
3.1597877686E-28
3.1549924380E-28
3.1501971074E-28
3.1454017769E-28
3.1406064463E-28
3.1358111157E-28
3.1310157851E-28
3.1262204545E-28
3.1214251240E-28
3.1166297934E-28
3.1118344628E-28
3.1070391322E-28
3.1022438017E-28
3.0974484711E-28
3.0926531405E-28
3.0878578099E-28
3.0830624793E-28
3.0782671488E-28
3.0734718182E-28
3.0686764876E-28
3.0638811570E-28
3.0590858264E-28
3.0542904959E-28
3.0494951653E-28
3.0446998347E-28
3.0399045041E-28
3.0351091736E-28
3.0303138430E-28
3.0255185124E-28
3.0207231818E-28
3.0159278512E-28
3.0111325207E-28
3.0063371901E-28
3.0015418595E-28
2.9967465289E-28
2.9919511983E-28
2.9871558678E-28
2.9823605372E-28
2.9775652066E-28
2.9727698760E-28
2.9679745455E-28
2.9631792149E-28
2.9583838843E-28
2.9535885537E-28
2.9487932231E-28
2.9439978926E-28
2.9392025620E-28
2.9344072314E-28
2.9296119008E-28
2.9248165702E-28
2.9200212397E-28
2.9152259091E-28
2.9104305785E-28
2.9056352479E-28
2.9008399174E-28
2.8960445868E-28
2.8912492562E-28
2.8864539256E-28
2.8816585950E-28
2.8768632645E-28
2.8720679339E-28
2.8672726033E-28
2.8624772727E-28
2.8576819421E-28
2.8528866116E-28
2.8480912810E-28
2.8432959504E-28
2.8385006198E-28
2.8337052893E-28
2.8289099587E-28
2.8241146281E-28
2.8193192975E-28
2.8145239669E-28
2.8097286364E-28
2.8049333058E-28
2.8001379752E-28
2.7953426446E-28
2.7905473140E-28
2.7857519835E-28
2.7809566529E-28
2.7761613223E-28
2.7713659917E-28
2.7665706612E-28
2.7617753306E-28
2.7569800000E-28
2.7539819008E-28
2.7509838017E-28
2.7479857025E-28
2.7449876033E-28
2.7419895041E-28
2.7389914050E-28
2.7359933058E-28
2.7329952066E-28
2.7299971074E-28
2.7269990083E-28
2.7240009091E-28
2.7210028099E-28
2.7180047107E-28
2.7150066116E-28
2.7120085124E-28
2.7090104132E-28
2.7060123140E-28
2.7030142149E-28
2.7000161157E-28
2.6970180165E-28
2.6940199174E-28
2.6910218182E-28
2.6880237190E-28
2.6850256198E-28
2.6820275207E-28
2.6790294215E-28
2.6760313223E-28
2.6730332231E-28
2.6700351240E-28
2.6670370248E-28
2.6640389256E-28
2.6610408264E-28
2.6580427273E-28
2.6550446281E-28
2.6520465289E-28
2.6490484298E-28
2.6460503306E-28
2.6430522314E-28
2.6400541322E-28
2.6370560331E-28
2.6340579339E-28
2.6310598347E-28
2.6280617355E-28
2.6250636364E-28
2.6220655372E-28
2.6190674380E-28
2.6160693388E-28
2.6130712397E-28
2.6100731405E-28
2.6070750413E-28
2.6040769421E-28
2.6010788430E-28
2.5980807438E-28
2.5950826446E-28
2.5920845455E-28
2.5890864463E-28
2.5860883471E-28
2.5830902479E-28
2.5800921488E-28
2.5770940496E-28
2.5740959504E-28
2.5710978512E-28
2.5680997521E-28
2.5651016529E-28
2.5621035537E-28
2.5591054545E-28
2.5561073554E-28
2.5531092562E-28
2.5501111570E-28
2.5471130579E-28
2.5441149587E-28
2.5411168595E-28
2.5381187603E-28
2.5351206612E-28
2.5321225620E-28
2.5291244628E-28
2.5261263636E-28
2.5231282645E-28
2.5201301653E-28
2.5171320661E-28
2.5141339669E-28
2.5111358678E-28
2.5081377686E-28
2.5051396694E-28
2.5021415702E-28
2.4991434711E-28
2.4961453719E-28
2.4931472727E-28
2.4901491736E-28
2.4871510744E-28
2.4841529752E-28
2.4811548760E-28
2.4781567769E-28
2.4751586777E-28
2.4721605785E-28
2.4691624793E-28
2.4661643802E-28
2.4631662810E-28
2.4601681818E-28
2.4571700826E-28
2.4541719835E-28
2.4511738843E-28
2.4481757851E-28
2.4451776860E-28
2.4421795868E-28
2.4391814876E-28
2.4361833884E-28
2.4331852893E-28
2.4301871901E-28
2.4271890909E-28
2.4241909917E-28
2.4211928926E-28
2.4181947934E-28
2.4151966942E-28
2.4121985950E-28
2.4092004959E-28
2.4062023967E-28
2.4032042975E-28
2.4002061983E-28
2.3972080992E-28
2.3942100000E-28
2.3912119008E-28
2.3882138017E-28
2.3852157025E-28
2.3822176033E-28
2.3792195041E-28
2.3762214050E-28
2.3732233058E-28
2.3702252066E-28
2.3672271074E-28
2.3642290083E-28
2.3612309091E-28
2.3582328099E-28
2.3552347107E-28
2.3522366116E-28
2.3492385124E-28
2.3462404132E-28
2.3432423140E-28
2.3402442149E-28
2.3372461157E-28
2.3342480165E-28
2.3312499174E-28
2.3282518182E-28
2.3252537190E-28
2.3222556198E-28
2.3192575207E-28
2.3162594215E-28
2.3132613223E-28
2.3102632231E-28
2.3072651240E-28
2.3042670248E-28
2.3012689256E-28
2.2982708264E-28
2.2952727273E-28
2.2922746281E-28
2.2892765289E-28
2.2862784298E-28
2.2832803306E-28
2.2802822314E-28
2.2772841322E-28
2.2742860331E-28
2.2712879339E-28
2.2682898347E-28
2.2652917355E-28
2.2622936364E-28
2.2592955372E-28
2.2562974380E-28
2.2532993388E-28
2.2503012397E-28
2.2473031405E-28
2.2443050413E-28
2.2413069421E-28
2.2383088430E-28
2.2353107438E-28
2.2323126446E-28
2.2293145455E-28
2.2263164463E-28
2.2233183471E-28
2.2203202479E-28
2.2173221488E-28
2.2143240496E-28
2.2113259504E-28
2.2083278512E-28
2.2053297521E-28
2.2023316529E-28
2.1993335537E-28
2.1963354545E-28
2.1933373554E-28
2.1903392562E-28
2.1873411570E-28
2.1843430579E-28
2.1813449587E-28
2.1783468595E-28
2.1753487603E-28
2.1723506612E-28
2.1693525620E-28
2.1663544628E-28
2.1633563636E-28
2.1603582645E-28
2.1573601653E-28
2.1543620661E-28
2.1513639669E-28
2.1483658678E-28
2.1453677686E-28
2.1423696694E-28
2.1393715702E-28
2.1363734711E-28
2.1333753719E-28
2.1303772727E-28
2.1273791736E-28
2.1243810744E-28
2.1213829752E-28
2.1183848760E-28
2.1153867769E-28
2.1123886777E-28
2.1093905785E-28
2.1063924793E-28
2.1033943802E-28
2.1003962810E-28
2.0973981818E-28
2.0944000826E-28
2.0914019835E-28
2.0884038843E-28
2.0854057851E-28
2.0824076860E-28
2.0794095868E-28
2.0764114876E-28
2.0734133884E-28
2.0704152893E-28
2.0674171901E-28
2.0644190909E-28
2.0614209917E-28
2.0584228926E-28
2.0554247934E-28
2.0524266942E-28
2.0494285950E-28
2.0464304959E-28
2.0434323967E-28
2.0404342975E-28
2.0374361983E-28
2.0344380992E-28
2.0314400000E-28
2.0296577686E-28
2.0278755372E-28
2.0260933058E-28
2.0243110744E-28
2.0225288430E-28
2.0207466116E-28
2.0189643802E-28
2.0171821488E-28
2.0153999174E-28
2.0136176860E-28
2.0118354545E-28
2.0100532231E-28
2.0082709917E-28
2.0064887603E-28
2.0047065289E-28
2.0029242975E-28
2.0011420661E-28
1.9993598347E-28
1.9975776033E-28
1.9957953719E-28
1.9940131405E-28
1.9922309091E-28
1.9904486777E-28
1.9886664463E-28
1.9868842149E-28
1.9851019835E-28
1.9833197521E-28
1.9815375207E-28
1.9797552893E-28
1.9779730579E-28
1.9761908264E-28
1.9744085950E-28
1.9726263636E-28
1.9708441322E-28
1.9690619008E-28
1.9672796694E-28
1.9654974380E-28
1.9637152066E-28
1.9619329752E-28
1.9601507438E-28
1.9583685124E-28
1.9565862810E-28
1.9548040496E-28
1.9530218182E-28
1.9512395868E-28
1.9494573554E-28
1.9476751240E-28
1.9458928926E-28
1.9441106612E-28
1.9423284298E-28
1.9405461983E-28
1.9387639669E-28
1.9369817355E-28
1.9351995041E-28
1.9334172727E-28
1.9316350413E-28
1.9298528099E-28
1.9280705785E-28
1.9262883471E-28
1.9245061157E-28
1.9227238843E-28
1.9209416529E-28
1.9191594215E-28
1.9173771901E-28
1.9155949587E-28
1.9138127273E-28
1.9120304959E-28
1.9102482645E-28
1.9084660331E-28
1.9066838017E-28
1.9049015702E-28
1.9031193388E-28
1.9013371074E-28
1.8995548760E-28
1.8977726446E-28
1.8959904132E-28
1.8942081818E-28
1.8924259504E-28
1.8906437190E-28
1.8888614876E-28
1.8870792562E-28
1.8852970248E-28
1.8835147934E-28
1.8817325620E-28
1.8799503306E-28
1.8781680992E-28
1.8763858678E-28
1.8746036364E-28
1.8728214050E-28
1.8710391736E-28
1.8692569421E-28
1.8674747107E-28
1.8656924793E-28
1.8639102479E-28
1.8621280165E-28
1.8603457851E-28
1.8585635537E-28
1.8567813223E-28
1.8549990909E-28
1.8532168595E-28
1.8514346281E-28
1.8496523967E-28
1.8478701653E-28
1.8460879339E-28
1.8443057025E-28
1.8425234711E-28
1.8407412397E-28
1.8389590083E-28
1.8371767769E-28
1.8353945455E-28
1.8336123140E-28
1.8318300826E-28
1.8300478512E-28
1.8282656198E-28
1.8264833884E-28
1.8247011570E-28
1.8229189256E-28
1.8211366942E-28
1.8193544628E-28
1.8175722314E-28
1.8157900000E-28
1.8140077686E-28
1.8122255372E-28
1.8104433058E-28
1.8086610744E-28
1.8068788430E-28
1.8050966116E-28
1.8033143802E-28
1.8015321488E-28
1.7997499174E-28
1.7979676860E-28
1.7961854545E-28
1.7944032231E-28
1.7926209917E-28
1.7908387603E-28
1.7890565289E-28
1.7872742975E-28
1.7854920661E-28
1.7837098347E-28
1.7819276033E-28
1.7801453719E-28
1.7783631405E-28
1.7765809091E-28
1.7747986777E-28
1.7730164463E-28
1.7712342149E-28
1.7694519835E-28
1.7676697521E-28
1.7658875207E-28
1.7641052893E-28
1.7623230579E-28
1.7605408264E-28
1.7587585950E-28
1.7569763636E-28
1.7551941322E-28
1.7534119008E-28
1.7516296694E-28
1.7498474380E-28
1.7480652066E-28
1.7462829752E-28
1.7445007438E-28
1.7427185124E-28
1.7409362810E-28
1.7391540496E-28
1.7373718182E-28
1.7355895868E-28
1.7338073554E-28
1.7320251240E-28
1.7302428926E-28
1.7284606612E-28
1.7266784298E-28
1.7248961983E-28
1.7231139669E-28
1.7213317355E-28
1.7195495041E-28
1.7177672727E-28
1.7159850413E-28
1.7142028099E-28
1.7124205785E-28
1.7106383471E-28
1.7088561157E-28
1.7070738843E-28
1.7052916529E-28
1.7035094215E-28
1.7017271901E-28
1.6999449587E-28
1.6981627273E-28
1.6963804959E-28
1.6945982645E-28
1.6928160331E-28
1.6910338017E-28
1.6892515702E-28
1.6874693388E-28
1.6856871074E-28
1.6839048760E-28
1.6821226446E-28
1.6803404132E-28
1.6785581818E-28
1.6767759504E-28
1.6749937190E-28
1.6732114876E-28
1.6714292562E-28
1.6696470248E-28
1.6678647934E-28
1.6660825620E-28
1.6643003306E-28
1.6625180992E-28
1.6607358678E-28
1.6589536364E-28
1.6571714050E-28
1.6553891736E-28
1.6536069421E-28
1.6518247107E-28
1.6500424793E-28
1.6482602479E-28
1.6464780165E-28
1.6446957851E-28
1.6429135537E-28
1.6411313223E-28
1.6393490909E-28
1.6375668595E-28
1.6357846281E-28
1.6340023967E-28
1.6322201653E-28
1.6304379339E-28
1.6286557025E-28
1.6268734711E-28
1.6250912397E-28
1.6233090083E-28
1.6215267769E-28
1.6197445455E-28
1.6179623140E-28
1.6161800826E-28
1.6143978512E-28
1.6126156198E-28
1.6108333884E-28
1.6090511570E-28
1.6072689256E-28
1.6054866942E-28
1.6037044628E-28
1.6019222314E-28
1.6001400000E-28
1.5988840496E-28
1.5976280992E-28
1.5963721488E-28
1.5951161983E-28
1.5938602479E-28
1.5926042975E-28
1.5913483471E-28
1.5900923967E-28
1.5888364463E-28
1.5875804959E-28
1.5863245455E-28
1.5850685950E-28
1.5838126446E-28
1.5825566942E-28
1.5813007438E-28
1.5800447934E-28
1.5787888430E-28
1.5775328926E-28
1.5762769421E-28
1.5750209917E-28
1.5737650413E-28
1.5725090909E-28
1.5712531405E-28
1.5699971901E-28
1.5687412397E-28
1.5674852893E-28
1.5662293388E-28
1.5649733884E-28
1.5637174380E-28
1.5624614876E-28
1.5612055372E-28
1.5599495868E-28
1.5586936364E-28
1.5574376860E-28
1.5561817355E-28
1.5549257851E-28
1.5536698347E-28
1.5524138843E-28
1.5511579339E-28
1.5499019835E-28
1.5486460331E-28
1.5473900826E-28
1.5461341322E-28
1.5448781818E-28
1.5436222314E-28
1.5423662810E-28
1.5411103306E-28
1.5398543802E-28
1.5385984298E-28
1.5373424793E-28
1.5360865289E-28
1.5348305785E-28
1.5335746281E-28
1.5323186777E-28
1.5310627273E-28
1.5298067769E-28
1.5285508264E-28
1.5272948760E-28
1.5260389256E-28
1.5247829752E-28
1.5235270248E-28
1.5222710744E-28
1.5210151240E-28
1.5197591736E-28
1.5185032231E-28
1.5172472727E-28
1.5159913223E-28
1.5147353719E-28
1.5134794215E-28
1.5122234711E-28
1.5109675207E-28
1.5097115702E-28
1.5084556198E-28
1.5071996694E-28
1.5059437190E-28
1.5046877686E-28
1.5034318182E-28
1.5021758678E-28
1.5009199174E-28
1.4996639669E-28
1.4984080165E-28
1.4971520661E-28
1.4958961157E-28
1.4946401653E-28
1.4933842149E-28
1.4921282645E-28
1.4908723140E-28
1.4896163636E-28
1.4883604132E-28
1.4871044628E-28
1.4858485124E-28
1.4845925620E-28
1.4833366116E-28
1.4820806612E-28
1.4808247107E-28
1.4795687603E-28
1.4783128099E-28
1.4770568595E-28
1.4758009091E-28
1.4745449587E-28
1.4732890083E-28
1.4720330579E-28
1.4707771074E-28
1.4695211570E-28
1.4682652066E-28
1.4670092562E-28
1.4657533058E-28
1.4644973554E-28
1.4632414050E-28
1.4619854545E-28
1.4607295041E-28
1.4594735537E-28
1.4582176033E-28
1.4569616529E-28
1.4557057025E-28
1.4544497521E-28
1.4531938017E-28
1.4519378512E-28
1.4506819008E-28
1.4494259504E-28
1.4481700000E-28
1.4469140496E-28
1.4456580992E-28
1.4444021488E-28
1.4431461983E-28
1.4418902479E-28
1.4406342975E-28
1.4393783471E-28
1.4381223967E-28
1.4368664463E-28
1.4356104959E-28
1.4343545455E-28
1.4330985950E-28
1.4318426446E-28
1.4305866942E-28
1.4293307438E-28
1.4280747934E-28
1.4268188430E-28
1.4255628926E-28
1.4243069421E-28
1.4230509917E-28
1.4217950413E-28
1.4205390909E-28
1.4192831405E-28
1.4180271901E-28
1.4167712397E-28
1.4155152893E-28
1.4142593388E-28
1.4130033884E-28
1.4117474380E-28
1.4104914876E-28
1.4092355372E-28
1.4079795868E-28
1.4067236364E-28
1.4054676860E-28
1.4042117355E-28
1.4029557851E-28
1.4016998347E-28
1.4004438843E-28
1.3991879339E-28
1.3979319835E-28
1.3966760331E-28
1.3954200826E-28
1.3941641322E-28
1.3929081818E-28
1.3916522314E-28
1.3903962810E-28
1.3891403306E-28
1.3878843802E-28
1.3866284298E-28
1.3853724793E-28
1.3841165289E-28
1.3828605785E-28
1.3816046281E-28
1.3803486777E-28
1.3790927273E-28
1.3778367769E-28
1.3765808264E-28
1.3753248760E-28
1.3740689256E-28
1.3728129752E-28
1.3715570248E-28
1.3703010744E-28
1.3690451240E-28
1.3677891736E-28
1.3665332231E-28
1.3652772727E-28
1.3640213223E-28
1.3627653719E-28
1.3615094215E-28
1.3602534711E-28
1.3589975207E-28
1.3577415702E-28
1.3564856198E-28
1.3552296694E-28
1.3539737190E-28
1.3527177686E-28
1.3514618182E-28
1.3502058678E-28
1.3489499174E-28
1.3476939669E-28
1.3464380165E-28
1.3451820661E-28
1.3439261157E-28
1.3426701653E-28
1.3414142149E-28
1.3401582645E-28
1.3389023140E-28
1.3376463636E-28
1.3363904132E-28
1.3351344628E-28
1.3338785124E-28
1.3326225620E-28
1.3313666116E-28
1.3301106612E-28
1.3288547107E-28
1.3275987603E-28
1.3263428099E-28
1.3250868595E-28
1.3238309091E-28
1.3225749587E-28
1.3213190083E-28
1.3200630579E-28
1.3188071074E-28
1.3175511570E-28
1.3162952066E-28
1.3150392562E-28
1.3137833058E-28
1.3125273554E-28
1.3112714050E-28
1.3100154545E-28
1.3087595041E-28
1.3075035537E-28
1.3062476033E-28
1.3049916529E-28
1.3037357025E-28
1.3024797521E-28
1.3012238017E-28
1.2999678512E-28
1.2987119008E-28
1.2974559504E-28
1.2962000000E-28
1.2953078926E-28
1.2944157851E-28
1.2935236777E-28
1.2926315702E-28
1.2917394628E-28
1.2908473554E-28
1.2899552479E-28
1.2890631405E-28
1.2881710331E-28
1.2872789256E-28
1.2863868182E-28
1.2854947107E-28
1.2846026033E-28
1.2837104959E-28
1.2828183884E-28
1.2819262810E-28
1.2810341736E-28
1.2801420661E-28
1.2792499587E-28
1.2783578512E-28
1.2774657438E-28
1.2765736364E-28
1.2756815289E-28
1.2747894215E-28
1.2738973140E-28
1.2730052066E-28
1.2721130992E-28
1.2712209917E-28
1.2703288843E-28
1.2694367769E-28
1.2685446694E-28
1.2676525620E-28
1.2667604545E-28
1.2658683471E-28
1.2649762397E-28
1.2640841322E-28
1.2631920248E-28
1.2622999174E-28
1.2614078099E-28
1.2605157025E-28
1.2596235950E-28
1.2587314876E-28
1.2578393802E-28
1.2569472727E-28
1.2560551653E-28
1.2551630579E-28
1.2542709504E-28
1.2533788430E-28
1.2524867355E-28
1.2515946281E-28
1.2507025207E-28
1.2498104132E-28
1.2489183058E-28
1.2480261983E-28
1.2471340909E-28
1.2462419835E-28
1.2453498760E-28
1.2444577686E-28
1.2435656612E-28
1.2426735537E-28
1.2417814463E-28
1.2408893388E-28
1.2399972314E-28
1.2391051240E-28
1.2382130165E-28
1.2373209091E-28
1.2364288017E-28
1.2355366942E-28
1.2346445868E-28
1.2337524793E-28
1.2328603719E-28
1.2319682645E-28
1.2310761570E-28
1.2301840496E-28
1.2292919421E-28
1.2283998347E-28
1.2275077273E-28
1.2266156198E-28
1.2257235124E-28
1.2248314050E-28
1.2239392975E-28
1.2230471901E-28
1.2221550826E-28
1.2212629752E-28
1.2203708678E-28
1.2194787603E-28
1.2185866529E-28
1.2176945455E-28
1.2168024380E-28
1.2159103306E-28
1.2150182231E-28
1.2141261157E-28
1.2132340083E-28
1.2123419008E-28
1.2114497934E-28
1.2105576860E-28
1.2096655785E-28
1.2087734711E-28
1.2078813636E-28
1.2069892562E-28
1.2060971488E-28
1.2052050413E-28
1.2043129339E-28
1.2034208264E-28
1.2025287190E-28
1.2016366116E-28
1.2007445041E-28
1.1998523967E-28
1.1989602893E-28
1.1980681818E-28
1.1971760744E-28
1.1962839669E-28
1.1953918595E-28
1.1944997521E-28
1.1936076446E-28
1.1927155372E-28
1.1918234298E-28
1.1909313223E-28
1.1900392149E-28
1.1891471074E-28
1.1882550000E-28
1.1873628926E-28
1.1864707851E-28
1.1855786777E-28
1.1846865702E-28
1.1837944628E-28
1.1829023554E-28
1.1820102479E-28
1.1811181405E-28
1.1802260331E-28
1.1793339256E-28
1.1784418182E-28
1.1775497107E-28
1.1766576033E-28
1.1757654959E-28
1.1748733884E-28
1.1739812810E-28
1.1730891736E-28
1.1721970661E-28
1.1713049587E-28
1.1704128512E-28
1.1695207438E-28
1.1686286364E-28
1.1677365289E-28
1.1668444215E-28
1.1659523140E-28
1.1650602066E-28
1.1641680992E-28
1.1632759917E-28
1.1623838843E-28
1.1614917769E-28
1.1605996694E-28
1.1597075620E-28
1.1588154545E-28
1.1579233471E-28
1.1570312397E-28
1.1561391322E-28
1.1552470248E-28
1.1543549174E-28
1.1534628099E-28
1.1525707025E-28
1.1516785950E-28
1.1507864876E-28
1.1498943802E-28
1.1490022727E-28
1.1481101653E-28
1.1472180579E-28
1.1463259504E-28
1.1454338430E-28
1.1445417355E-28
1.1436496281E-28
1.1427575207E-28
1.1418654132E-28
1.1409733058E-28
1.1400811983E-28
1.1391890909E-28
1.1382969835E-28
1.1374048760E-28
1.1365127686E-28
1.1356206612E-28
1.1347285537E-28
1.1338364463E-28
1.1329443388E-28
1.1320522314E-28
1.1311601240E-28
1.1302680165E-28
1.1293759091E-28
1.1284838017E-28
1.1275916942E-28
1.1266995868E-28
1.1258074793E-28
1.1249153719E-28
1.1240232645E-28
1.1231311570E-28
1.1222390496E-28
1.1213469421E-28
1.1204548347E-28
1.1195627273E-28
1.1186706198E-28
1.1177785124E-28
1.1168864050E-28
1.1159942975E-28
1.1151021901E-28
1.1142100826E-28
1.1133179752E-28
1.1124258678E-28
1.1115337603E-28
1.1106416529E-28
1.1097495455E-28
1.1088574380E-28
1.1079653306E-28
1.1070732231E-28
1.1061811157E-28
1.1052890083E-28
1.1043969008E-28
1.1035047934E-28
1.1026126860E-28
1.1017205785E-28
1.1008284711E-28
1.0999363636E-28
1.0990442562E-28
1.0981521488E-28
1.0972600413E-28
1.0963679339E-28
1.0954758264E-28
1.0945837190E-28
1.0936916116E-28
1.0927995041E-28
1.0919073967E-28
1.0910152893E-28
1.0901231818E-28
1.0892310744E-28
1.0883389669E-28
1.0874468595E-28
1.0865547521E-28
1.0856626446E-28
1.0847705372E-28
1.0838784298E-28
1.0829863223E-28
1.0820942149E-28
1.0812021074E-28
1.0803100000E-28
1.0795470000E-28
1.0787840000E-28
1.0780210000E-28
1.0772580000E-28
1.0764950000E-28
1.0757320000E-28
1.0749690000E-28
1.0742060000E-28
1.0734430000E-28
1.0726800000E-28
1.0719170000E-28
1.0711540000E-28
1.0703910000E-28
1.0696280000E-28
1.0688650000E-28
1.0681020000E-28
1.0673390000E-28
1.0665760000E-28
1.0658130000E-28
1.0650500000E-28
1.0642870000E-28
1.0635240000E-28
1.0627610000E-28
1.0619980000E-28
1.0612350000E-28
1.0604720000E-28
1.0597090000E-28
1.0589460000E-28
1.0581830000E-28
1.0574200000E-28
1.0566570000E-28
1.0558940000E-28
1.0551310000E-28
1.0543680000E-28
1.0536050000E-28
1.0528420000E-28
1.0520790000E-28
1.0513160000E-28
1.0505530000E-28
1.0497900000E-28
1.0490270000E-28
1.0482640000E-28
1.0475010000E-28
1.0467380000E-28
1.0459750000E-28
1.0452120000E-28
1.0444490000E-28
1.0436860000E-28
1.0429230000E-28
1.0421600000E-28
1.0413970000E-28
1.0406340000E-28
1.0398710000E-28
1.0391080000E-28
1.0383450000E-28
1.0375820000E-28
1.0368190000E-28
1.0360560000E-28
1.0352930000E-28
1.0345300000E-28
1.0337670000E-28
1.0330040000E-28
1.0322410000E-28
1.0314780000E-28
1.0307150000E-28
1.0299520000E-28
1.0291890000E-28
1.0284260000E-28
1.0276630000E-28
1.0269000000E-28
1.0261370000E-28
1.0253740000E-28
1.0246110000E-28
1.0238480000E-28
1.0230850000E-28
1.0223220000E-28
1.0215590000E-28
1.0207960000E-28
1.0200330000E-28
1.0192700000E-28
1.0185070000E-28
1.0177440000E-28
1.0169810000E-28
1.0162180000E-28
1.0154550000E-28
1.0146920000E-28
1.0139290000E-28
1.0131660000E-28
1.0124030000E-28
1.0116400000E-28
1.0108770000E-28
1.0101140000E-28
1.0093510000E-28
1.0085880000E-28
1.0078250000E-28
1.0070620000E-28
1.0062990000E-28
1.0055360000E-28
1.0047730000E-28
1.0040100000E-28
1.0032470000E-28
1.0024840000E-28
1.0017210000E-28
1.0009580000E-28
1.0001950000E-28
9.9943200000E-29
9.9866900000E-29
9.9790600000E-29
9.9714300000E-29
9.9638000000E-29
9.9561700000E-29
9.9485400000E-29
9.9409100000E-29
9.9332800000E-29
9.9256500000E-29
9.9180200000E-29
9.9103900000E-29
9.9027600000E-29
9.8951300000E-29
9.8875000000E-29
9.8798700000E-29
9.8722400000E-29
9.8646100000E-29
9.8569800000E-29
9.8493500000E-29
9.8417200000E-29
9.8340900000E-29
9.8264600000E-29
9.8188300000E-29
9.8112000000E-29
9.8035700000E-29
9.7959400000E-29
9.7883100000E-29
9.7806800000E-29
9.7730500000E-29
9.7654200000E-29
9.7577900000E-29
9.7501600000E-29
9.7425300000E-29
9.7349000000E-29
9.7272700000E-29
9.7196400000E-29
9.7120100000E-29
9.7043800000E-29
9.6967500000E-29
9.6891200000E-29
9.6814900000E-29
9.6738600000E-29
9.6662300000E-29
9.6586000000E-29
9.6509700000E-29
9.6433400000E-29
9.6357100000E-29
9.6280800000E-29
9.6204500000E-29
9.6128200000E-29
9.6051900000E-29
9.5975600000E-29
9.5899300000E-29
9.5823000000E-29
9.5746700000E-29
9.5670400000E-29
9.5594100000E-29
9.5517800000E-29
9.5441500000E-29
9.5365200000E-29
9.5288900000E-29
9.5212600000E-29
9.5136300000E-29
9.5060000000E-29
9.4983700000E-29
9.4907400000E-29
9.4831100000E-29
9.4754800000E-29
9.4678500000E-29
9.4602200000E-29
9.4525900000E-29
9.4449600000E-29
9.4373300000E-29
9.4297000000E-29
9.4220700000E-29
9.4144400000E-29
9.4068100000E-29
9.3991800000E-29
9.3915500000E-29
9.3839200000E-29
9.3762900000E-29
9.3686600000E-29
9.3610300000E-29
9.3534000000E-29
9.3457700000E-29
9.3381400000E-29
9.3305100000E-29
9.3228800000E-29
9.3152500000E-29
9.3076200000E-29
9.2999900000E-29
9.2923600000E-29
9.2847300000E-29
9.2771000000E-29
9.2694700000E-29
9.2618400000E-29
9.2542100000E-29
9.2465800000E-29
9.2389500000E-29
9.2313200000E-29
9.2236900000E-29
9.2160600000E-29
9.2084300000E-29
9.2008000000E-29
9.1931700000E-29
9.1855400000E-29
9.1779100000E-29
9.1702800000E-29
9.1626500000E-29
9.1550200000E-29
9.1473900000E-29
9.1397600000E-29
9.1321300000E-29
9.1245000000E-29
9.1168700000E-29
9.1092400000E-29
9.1016100000E-29
9.0939800000E-29
9.0863500000E-29
9.0787200000E-29
9.0710900000E-29
9.0634600000E-29
9.0558300000E-29
9.0482000000E-29
9.0405700000E-29
9.0329400000E-29
9.0253100000E-29
9.0176800000E-29
9.0100500000E-29
9.0024200000E-29
8.9947900000E-29
8.9871600000E-29
8.9795300000E-29
8.9719000000E-29
8.9642700000E-29
#eof